Date;Budget_Ads_kE;CA_Ads_kE;Budget_Influence_kE;CA_Influence_kE;CA_Organique_kE
01/01/2021;5,0;27,5;1,2;7,4;21,0
01/02/2021;5,2;28,1;1,1;7,1;20,5
01/03/2021;5,5;29,4;1,5;8,2;22,0
01/04/2021;5,8;31,0;1,3;7,5;21,5
01/05/2021;8,5 K€;32,1;1,4;8,0;21,0
01/06/2021;6,5;33,5;2,0;10,5;23,0
01/07/2021;6,8;34,2;1,8;9,4;18,0
01/08/2021;7,0;35,0;2,1;11,0;17,5
01/09/2021;7,5;36,5;2,2;11,5;22,0
01/10/2021;8,0;38,0;2,5;12,8;24,5
01/11/2021;8,5;40,2;2,8;14,2;35,0
01/12/2021;9,0;42,0;3,0;28,5;45,0
01/01/2022;9,5;43,5;1,5;8,5;24,0
01/02/2022;9,8;44,2;1,6;8,8;23,5
01/03/2022;10,0;45,1;1,8;9,5;25,0
01/04/2022;10,2;46,0;2,0;10,2;24,5
01/05/2022;10,5;47,5;;10,5;24,0
01/06/2022;11,0;-50,0;2,2;11,1;26,0
01/07/2022;11,2;49,8;2,1;10,8;20,5
01/08/2022;11,5;51,0;2,3;12,0;19,5
01/09/2022;12,0;52,5;2,4;12,4;25,0
01/10/2022;12,5;54,0;2,8;14,0;28,0
01/11/2022;13,0;56,2;3,1;15,5;38,5
01/12/2022;13,5;58,0;3,8;34,0;48,5
01/12/2022;13,5;58,0;3,8;34,0;48,5
01/01/2023;14,0;60,0;1,7;9,2;26,5
01/02/2023;14,2;60,8;1,8;9,6;26,0
01/03/2023;14,5;62,0;2,0;10,5;28,0
01/04/2023;14,8;63,1;2,2;11,4;27,5
01/05/2023;15,0;64,5;2,3;11,8;27,0
01/06/2023;15,2;65,2;2,5;13,0;29,0
01/07/2023;15,5;66,8;2,4;12,5;23,0
01/08/2023;"15";68,0;2,7;14,0;22,5
01/09/2023;16,2;69,5;2,9;15,0;28,5
01/10/2023;16,5;71,0;3,2;16,8;31,0
01/11/2023;17,0;73,5;3,5;18,5;42,0
01/12/2023;17,5;75,2;4,2;38,0;53,0